Connection time: 1582655181
  Value								Time
---------							------
4747965726.00			61052
   3039.00			189284
   3726.00			289982
   4329.00			390692
   4935.00			491429
   5538.00			591915
   6144.00			693486
    750.00			794066
   1353.00			894634
   1959.00			995264
   2562.00			1095829
   3165.00			1196474
   3768.00			1297056
   4371.00			1397659
   4977.00			1498180
   5580.00			1598767
   6183.00			1699358
    786.00			1799963
   1389.00			1900576
   1992.00			2001144
   2595.00			2101715
   3201.00			2202187
   3804.00			2302793
   4407.00			2403353
   5010.00			2503971
   5613.00			2604525
   6216.00			2705088
    819.00			2805677
   1425.00			2906272
   2028.00			3006845
